1.2 6.6 420 17.0 2015 3 17 0
0.4 6.5 416 14.7 2015 3 17 1
-1.5 3.1 415 13.1 2015 3 17 2
-2.8 4.1 412 17.6 2015 3 17 3
-0.6 8.9 413 16.5 2015 3 17 4
-1.9 20.1 492 33.7 2015 3 17 5
-12.7 -6.4 514 30.4 2015 3 17 6
-7.5 -5.6 514 23.9 2015 3 17 7
-5.7 -16.4 561 18.3 2015 3 17 8
-14.7 -4.8 555 22.6 2015 3 17 9
-12.2 9.0 571 19.7 2015 3 17 10
3.2 9.3 614 23.5 2015 3 17 11
21.4 -10.0 602 16.1 2015 3 17 12
23.1 -11.0 586 23.7 2015 3 17 13
22.3 -18.6 583 23.1 2015 3 17 14
3.1 -17.7 593 23.6 2015 3 17 15
5.0 -16.0 583 11.7 2015 3 17 16
8.3 -17.2 559 17.7 2015 3 17 17
15.5 -13.7 575 12.7 2015 3 17 18
5.7 -13.0 572 9.8 2015 3 17 19
1.7 -15.4 563 8.5 2015 3 17 20
1.4 -17.3 558 7.9 2015 3 17 21
-2.1 -16.5 558 8.2 2015 3 17 22
-10.4 -15.9 544 6.4 2015 3 17 23
-13.5 -5.7 591 6.4 2015 3 18 0
-13.3 -5.2 567 2.9 2015 3 18 1
-12.8 -2.1 553 3.5 2015 3 18 2
-12.2 -3.5 554 4.0 2015 3 18 3
-10.4 -1.8 549 3.5 2015 3 18 4
-9.3 -0.9 557 3.6 2015 3 18 5
-7.8 3.8 543 3.2 2015 3 18 6
-9.8 -0.1 571 3.5 2015 3 18 7
-9.0 -0.8 549 4.4 2015 3 18 8
-10.3 -0.8 559 4.6 2015 3 18 9
-10.5 -0.3 571 5.1 2015 3 18 10
-9.4 0.0 582 6.4 2015 3 18 11
-7.1 1.5 577 6.6 2015 3 18 12
-8.1 2.4 581 6.8 2015 3 18 13
-6.3 -5.4 603 6.9 2015 3 18 14
-4.8 -2.5 596 6.8 2015 3 18 15
-3.9 3.2 600 6.0 2015 3 18 16
-6.2 0.8 612 4.9 2015 3 18 17
-0.6 -3.4 653 3.2 2015 3 18 18
-2.1 -0.1 653 3.0 2015 3 18 19
-2.6 0.5 654 2.8 2015 3 18 20
-4.0 -0.8 683 2.9 2015 3 18 21
0.0 -2.8 662 2.9 2015 3 18 22
0.5 -3.1 666 3.1 2015 3 18 23
